               1           2           3           4           5
229  0.000000000 0.000000000 0.000000000 0.000000000 1.000000000
439  0.000000000 0.000000000 0.040389972 0.321727019 0.637883008
341  0.000000000 0.000000000 0.354883081 0.020632737 0.624484182
1628 0.000000000 0.000000000 0.000000000 0.000000000 1.000000000
2460 0.000000000 0.000000000 0.000000000 0.000000000 1.000000000
111  0.000000000 0.000000000 0.072463768 0.113043478 0.814492754
20   0.000000000 0.000000000 0.090780142 0.049645390 0.859574468
284  0.000000000 0.000000000 0.000000000 0.002777778 0.997222222
2491 0.000000000 0.002777778 0.226388889 0.679166667 0.091666667
622  0.000000000 0.000000000 0.000000000 0.000000000 1.000000000
1929 0.000000000 0.000000000 0.086956522 0.071528752 0.841514727
1662 0.000000000 0.000000000 0.000000000 0.000000000 1.000000000
178  0.000000000 0.000000000 0.000000000 0.000000000 1.000000000
650  0.000000000 0.000000000 0.042005420 0.294037940 0.663956640
1633 0.000000000 0.000000000 0.000000000 0.000000000 1.000000000
66   0.000000000 0.000000000 0.000000000 0.000000000 1.000000000
1486 0.000000000 0.000000000 0.000000000 0.000000000 1.000000000
1700 0.000000000 0.000000000 0.000000000 0.000000000 1.000000000
611  0.000000000 0.005369128 0.162416107 0.703355705 0.128859060
490  0.000000000 0.010610080 0.839522546 0.034482759 0.115384615
17   0.000000000 0.000000000 0.070054945 0.074175824 0.855769231
556  0.000000000 0.000000000 0.042838019 0.295850067 0.661311914
192  0.000000000 0.000000000 0.000000000 0.000000000 1.000000000
1844 0.000000000 0.000000000 0.000000000 0.000000000 1.000000000
607  0.000000000 0.001319261 0.162269129 0.721635884 0.114775726
1837 0.000000000 0.000000000 0.000000000 0.000000000 1.000000000
1798 0.000000000 0.000000000 0.000000000 0.000000000 1.000000000
2470 0.000000000 0.000000000 0.000000000 0.000000000 1.000000000
1883 0.000000000 0.000000000 0.048476454 0.235457064 0.716066482
621  0.000000000 0.000000000 0.000000000 0.000000000 1.000000000
1505 0.000000000 0.000000000 0.002688172 0.028225806 0.969086022
88   0.000000000 0.000000000 0.000000000 0.000000000 1.000000000
280  0.000000000 0.000000000 0.000000000 0.000000000 1.000000000
238  0.000000000 0.000000000 0.000000000 0.000000000 1.000000000
1544 0.000000000 0.000000000 0.000000000 0.000000000 1.000000000
1601 0.000000000 0.000000000 0.001336898 0.025401070 0.973262032
1530 0.000000000 0.000000000 0.000000000 0.000000000 1.000000000
2488 0.000000000 0.001408451 0.229577465 0.661971831 0.107042254
1603 0.000000000 0.000000000 0.002710027 0.014905149 0.982384824
1815 0.000000000 0.001402525 0.009817672 0.012622721 0.976157083
1956 0.000000000 0.000000000 0.000000000 0.000000000 1.000000000
2557 0.000000000 0.000000000 0.000000000 0.000000000 1.000000000
326  0.000000000 0.000000000 0.044871795 0.248717949 0.706410256
55   0.000000000 0.000000000 0.066037736 0.185983827 0.747978437
2552 0.000000000 0.000000000 0.000000000 0.000000000 1.000000000
2213 0.000000000 0.000000000 0.000000000 0.000000000 1.000000000
2220 0.000000000 0.000000000 0.000000000 0.000000000 1.000000000
1779 0.000000000 0.000000000 0.000000000 0.004043127 0.995956873
127  0.036363636 0.007792208 0.071428571 0.214285714 0.670129870
1742 0.000000000 0.000000000 0.000000000 0.006849315 0.993150685
2254 0.000000000 0.000000000 0.000000000 0.000000000 1.000000000
1732 0.000000000 0.000000000 0.000000000 0.002688172 0.997311828
1778 0.000000000 0.000000000 0.000000000 0.007926024 0.992073976
2083 0.000000000 0.000000000 0.000000000 0.000000000 1.000000000
2411 0.000000000 0.000000000 0.000000000 0.000000000 1.000000000
2154 0.000000000 0.000000000 0.045706371 0.314404432 0.639889197
2086 0.000000000 0.000000000 0.000000000 0.000000000 1.000000000
97   0.000000000 0.000000000 0.000000000 0.000000000 1.000000000
321  0.000000000 0.000000000 0.032876712 0.289041096 0.678082192
85   0.000000000 0.000000000 0.000000000 0.000000000 1.000000000
347  0.000000000 0.000000000 0.384823848 0.028455285 0.586720867
184  0.000000000 0.000000000 0.000000000 0.000000000 1.000000000
2210 0.000000000 0.000000000 0.000000000 0.000000000 1.000000000
1887 0.000000000 0.000000000 0.046419098 0.245358090 0.708222812
453  0.000000000 0.000000000 0.000000000 0.000000000 1.000000000
2529 0.000000000 0.000000000 0.410691004 0.144719687 0.444589309
1890 0.000000000 0.000000000 0.037518038 0.281385281 0.681096681
355  0.000000000 0.000000000 0.349315068 0.031506849 0.619178082
208  0.000000000 0.000000000 0.004021448 0.026809651 0.969168901
477  0.000000000 0.000000000 0.049286641 0.306095979 0.644617380
2059 0.000000000 0.000000000 0.000000000 0.000000000 1.000000000
589  0.000000000 0.000000000 0.000000000 0.000000000 1.000000000
540  0.000000000 0.000000000 0.029139073 0.260927152 0.709933775
44   0.000000000 0.000000000 0.067948718 0.178205128 0.753846154
281  0.000000000 0.000000000 0.000000000 0.002743484 0.997256516
1458 0.000000000 0.000000000 0.000000000 0.000000000 1.000000000
2004 0.000000000 0.000000000 0.002754821 0.020661157 0.976584022
1490 0.000000000 0.000000000 0.000000000 0.000000000 1.000000000
1780 0.000000000 0.000000000 0.000000000 0.005326232 0.994673768
368  0.000000000 0.000000000 0.046767538 0.266850069 0.686382393
172  0.000000000 0.000000000 0.000000000 0.000000000 1.000000000
1781 0.000000000 0.000000000 0.000000000 0.000000000 1.000000000
524  0.000000000 0.000000000 0.050198151 0.225891678 0.723910172
472  0.000000000 0.000000000 0.047043011 0.268817204 0.684139785
1441 0.000000000 0.000000000 0.000000000 0.000000000 1.000000000
1833 0.000000000 0.000000000 0.000000000 0.000000000 1.000000000
1587 0.000000000 0.000000000 0.000000000 0.000000000 1.000000000
228  0.000000000 0.000000000 0.000000000 0.000000000 1.000000000
2324 0.000000000 0.000000000 0.000000000 0.000000000 1.000000000
1459 0.000000000 0.000000000 0.000000000 0.000000000 1.000000000
1829 0.000000000 0.000000000 0.000000000 0.000000000 1.000000000
1609 0.000000000 0.000000000 0.000000000 0.015852048 0.984147952
200  0.000000000 0.000000000 0.000000000 0.000000000 1.000000000
2528 0.000000000 0.000000000 0.402439024 0.211382114 0.386178862
1896 0.000000000 0.000000000 0.041499331 0.228915663 0.729585007
236  0.000000000 0.000000000 0.000000000 0.000000000 1.000000000
2043 0.000000000 0.000000000 0.000000000 0.000000000 1.000000000
1647 0.000000000 0.000000000 0.000000000 0.000000000 1.000000000
2380 0.000000000 0.000000000 0.000000000 0.000000000 1.000000000
487  0.002747253 0.009615385 0.688186813 0.148351648 0.151098901
2100 0.000000000 0.000000000 0.000000000 0.000000000 1.000000000
131  0.005457026 0.008185539 0.045020464 0.175989086 0.765347885
1670 0.000000000 0.000000000 0.000000000 0.000000000 1.000000000
582  0.000000000 0.000000000 0.000000000 0.000000000 1.000000000
2044 0.000000000 0.000000000 0.000000000 0.000000000 1.000000000
2418 0.000000000 0.000000000 0.000000000 0.000000000 1.000000000
427  0.000000000 0.000000000 0.048322148 0.217449664 0.734228188
1402 0.000000000 0.000000000 0.000000000 0.000000000 1.000000000
1944 0.000000000 0.000000000 0.000000000 0.000000000 1.000000000
262  0.000000000 0.000000000 0.000000000 0.000000000 1.000000000
2424 0.000000000 0.000000000 0.000000000 0.000000000 1.000000000
1782 0.000000000 0.000000000 0.000000000 0.000000000 1.000000000
325  0.000000000 0.000000000 0.050599201 0.272969374 0.676431425
1518 0.000000000 0.000000000 0.000000000 0.015256588 0.984743412
2111 0.000000000 0.000000000 0.000000000 0.000000000 1.000000000
177  0.000000000 0.000000000 0.000000000 0.000000000 1.000000000
1422 0.000000000 0.000000000 0.000000000 0.000000000 1.000000000
1936 0.000000000 0.000000000 0.080381471 0.046321526 0.873297003
1840 0.000000000 0.000000000 0.000000000 0.000000000 1.000000000
2362 0.000000000 0.000000000 0.000000000 0.000000000 1.000000000
1717 0.000000000 0.000000000 0.000000000 0.000000000 1.000000000
290  0.000000000 0.000000000 0.000000000 0.001345895 0.998654105
1962 0.000000000 0.000000000 0.001404494 0.028089888 0.970505618
2551 0.000000000 0.000000000 0.000000000 0.000000000 1.000000000
1911 0.024460432 0.082014388 0.730935252 0.125179856 0.037410072
292  0.000000000 0.000000000 0.000000000 0.001333333 0.998666667
416  0.000000000 0.000000000 0.000000000 0.009222661 0.990777339
361  0.000000000 0.000000000 0.029639175 0.275773196 0.694587629
2190 0.000000000 0.000000000 0.000000000 0.000000000 1.000000000
2242 0.000000000 0.000000000 0.000000000 0.000000000 1.000000000
2393 0.000000000 0.000000000 0.000000000 0.000000000 1.000000000
2163 0.000000000 0.000000000 0.000000000 0.000000000 1.000000000
1805 0.000000000 0.006839945 0.053351573 0.013679891 0.926128591
2230 0.000000000 0.000000000 0.000000000 0.000000000 1.000000000
14   0.000000000 0.000000000 0.081989247 0.108870968 0.809139785
2327 0.000000000 0.000000000 0.000000000 0.000000000 1.000000000
1439 0.000000000 0.000000000 0.000000000 0.000000000 1.000000000
1605 0.000000000 0.000000000 0.001371742 0.021947874 0.976680384
144  0.000000000 0.000000000 0.000000000 0.002820874 0.997179126
1462 0.000000000 0.001335113 0.463284379 0.222963952 0.312416555
2302 0.000000000 0.000000000 0.000000000 0.000000000 1.000000000
565  0.000000000 0.000000000 0.035470668 0.313778990 0.650750341
2259 0.000000000 0.000000000 0.000000000 0.000000000 1.000000000
141  0.000000000 0.000000000 0.000000000 0.001373626 0.998626374
2382 0.000000000 0.000000000 0.000000000 0.000000000 1.000000000
1819 0.000000000 0.004087193 0.059945504 0.012261580 0.923705722
1678 0.000000000 0.000000000 0.000000000 0.000000000 1.000000000
1610 0.000000000 0.000000000 0.000000000 0.031593407 0.968406593
577  0.000000000 0.000000000 0.029850746 0.301221167 0.668928087
2428 0.000000000 0.000000000 0.000000000 0.000000000 1.000000000
197  0.000000000 0.000000000 0.000000000 0.000000000 1.000000000
352  0.000000000 0.000000000 0.244413408 0.027932961 0.727653631
1740 0.000000000 0.000000000 0.000000000 0.001322751 0.998677249
2166 0.000000000 0.000000000 0.000000000 0.000000000 1.000000000
430  0.000000000 0.000000000 0.028885832 0.295735901 0.675378267
2363 0.000000000 0.000000000 0.000000000 0.000000000 1.000000000
2545 0.000000000 0.000000000 0.000000000 0.000000000 1.000000000
2553 0.000000000 0.000000000 0.000000000 0.000000000 1.000000000
1907 0.017808219 0.108219178 0.702739726 0.128767123 0.042465753
1827 0.000000000 0.000000000 0.000000000 0.000000000 1.000000000
47   0.000000000 0.000000000 0.050198151 0.188903567 0.760898283
74   0.000000000 0.000000000 0.000000000 0.000000000 1.000000000
1450 0.000000000 0.000000000 0.000000000 0.000000000 1.000000000
446  0.000000000 0.000000000 0.000000000 0.000000000 1.000000000
388  0.000000000 0.000000000 0.000000000 0.000000000 1.000000000
22   0.000000000 0.000000000 0.000000000 0.000000000 1.000000000
1945 0.000000000 0.000000000 0.000000000 0.000000000 1.000000000
593  0.000000000 0.000000000 0.000000000 0.000000000 1.000000000
636  0.000000000 0.000000000 0.000000000 0.000000000 1.000000000
631  0.000000000 0.000000000 0.000000000 0.000000000 1.000000000
1912 0.096368715 0.020949721 0.715083799 0.124301676 0.043296089
1591 0.000000000 0.000000000 0.000000000 0.000000000 1.000000000
640  0.000000000 0.000000000 0.000000000 0.000000000 1.000000000
1510 0.000000000 0.000000000 0.000000000 0.021361816 0.978638184
165  0.000000000 0.000000000 0.000000000 0.000000000 1.000000000
1712 0.000000000 0.000000000 0.000000000 0.000000000 1.000000000
248  0.000000000 0.000000000 0.000000000 0.005420054 0.994579946
2157 0.000000000 0.000000000 0.040595399 0.273342355 0.686062246
2310 0.000000000 0.000000000 0.000000000 0.000000000 1.000000000
1937 0.000000000 0.000000000 0.080000000 0.057333333 0.862666667
73   0.000000000 0.000000000 0.000000000 0.000000000 1.000000000
1766 0.000000000 0.000000000 0.000000000 0.001347709 0.998652291
1498 0.000000000 0.000000000 0.000000000 0.000000000 1.000000000
428  0.000000000 0.000000000 0.043126685 0.295148248 0.661725067
1794 0.000000000 0.000000000 0.000000000 0.000000000 1.000000000
2270 0.000000000 0.000000000 0.000000000 0.000000000 1.000000000
644  0.000000000 0.000000000 0.045698925 0.309139785 0.645161290
2067 0.000000000 0.000000000 0.000000000 0.002624672 0.997375328
1596 0.000000000 0.000000000 0.000000000 0.000000000 1.000000000
454  0.000000000 0.000000000 0.000000000 0.000000000 1.000000000
1927 0.000000000 0.000000000 0.097560976 0.090785908 0.811653117
243  0.000000000 0.000000000 0.000000000 0.005578801 0.994421199
641  0.000000000 0.000000000 0.030898876 0.299157303 0.669943820
170  0.000000000 0.000000000 0.000000000 0.000000000 1.000000000
659  0.000000000 0.000000000 0.031039136 0.287449393 0.681511471
344  0.000000000 0.000000000 0.236772487 0.023809524 0.739417989
2365 0.000000000 0.000000000 0.000000000 0.000000000 1.000000000
2521 0.000000000 0.001345895 0.423956931 0.142664872 0.432032301
2512 0.000000000 0.000000000 0.000000000 0.000000000 1.000000000
617  0.000000000 0.002762431 0.146408840 0.738950276 0.111878453